119,22,368,22,368,42,119,42
154,47,174,48,228,47,247,48,300,50,321,47,352,45,352,63,321,66,300,68,247,66,228,65,173,66,153,65
162,69,353,69,353,86,162,86
190,93,230,93,230,108,190,108
144,119,197,122,196,137,143,134
144,143,237,143,236,157,144,156
144,163,197,163,197,176,144,176
256,164,288,164,288,176,256,176
146,187,222,185,223,198,146,199
258,185,328,185,328,199,258,199
146,204,160,206,181,206,191,208,208,206,226,206,245,204,244,216,225,218,208,218,191,220,180,218,159,219,145,216
30,206,114,206,114,227,30,227
363,234,378,235,392,232,403,235,420,234,436,235,451,234,449,243,434,243,420,242,403,243,392,240,378,243,363,243
20,263,34,262,62,261,74,260,93,261,113,261,129,261,129,270,113,270,93,270,74,269,62,270,34,271,20,273
325,262,343,261,374,260,392,261,412,260,446,260,459,260,459,270,445,270,412,270,392,271,374,270,343,272,325,272
