135,34,491,45,490,73,134,63
146,71,164,72,185,74,213,74,240,75,275,75,294,75,294,86,275,86,240,85,213,85,185,84,164,83,146,82
161,87,204,89,204,104,160,101
170,102,389,106,389,128,170,124
327,140,408,140,408,164,327,164
165,172,254,172,254,185,165,185
174,185,394,184,394,204,174,206
328,217,407,217,407,236,328,236
170,252,190,251,215,250,245,250,274,249,305,247,326,246,326,258,305,259,275,261,245,261,215,262,191,263,170,264
236,267,246,267,259,266,269,266,281,266,296,267,305,267,305,285,296,285,281,284,268,284,261,284,244,285,235,285
178,270,194,270,194,285,178,285
317,295,329,295,342,294,354,294,369,294,385,292,397,291,397,302,385,303,369,304,355,305,343,305,329,306,317,306
167,300,180,300,203,300,220,299,241,298,260,297,281,295,281,307,260,308,241,310,221,310,203,312,180,312,167,312
459,321,472,315,485,306,498,305,512,301,517,299,530,294,542,317,530,322,517,327,507,330,493,331,488,337,475,342
323,309,402,306,402,324,324,327
177,316,304,310,305,328,178,334
317,338,329,337,342,336,359,335,375,335,389,335,403,335,403,345,389,344,375,344,359,345,342,346,330,346,317,347
38,341,126,334,127,357,40,364
172,344,257,340,258,352,172,356
321,350,338,349,349,349,359,348,378,348,387,346,400,345,400,363,387,365,379,366,359,366,351,367,338,367,321,369
176,360,193,357,206,356,216,355,237,355,246,353,263,351,265,370,248,372,239,373,217,374,208,375,194,376,177,379
438,361,546,358,546,372,438,374
