211,36,691,46,690,81,211,71
211,82,415,86,415,100,211,96
248,108,303,110,302,126,248,124
245,213,361,216,361,234,245,231
254,231,411,235,411,263,253,259
252,320,282,321,303,323,344,323,392,326,430,323,460,322,458,340,428,341,392,343,344,340,303,340,282,339,252,338
252,350,272,350,272,372,252,372
331,348,343,349,362,349,375,349,391,351,411,352,424,354,423,378,411,376,389,375,372,373,364,373,340,373,327,372
234,388,254,390,283,391,307,394,336,393,362,394,392,392,392,409,362,411,335,411,307,412,282,408,252,408,233,406
442,395,461,396,481,398,498,397,521,397,545,398,561,399,559,416,543,416,520,414,499,415,481,415,460,413,441,412
247,416,418,416,418,444,247,444
62,443,173,446,172,477,61,473
235,458,255,457,272,457,299,456,313,457,335,459,355,462,355,478,335,475,312,472,298,471,272,473,254,473,234,474
439,463,462,461,481,461,506,461,531,463,549,464,572,466,571,483,548,481,529,480,505,478,481,478,462,478,439,480
245,479,357,479,357,505,245,505
450,482,564,486,563,512,450,509
63,511,123,511,123,533,63,533
625,516,644,516,673,516,711,516,740,519,768,519,795,520,795,537,768,535,740,535,710,533,672,532,644,532,625,532
