196,39,544,47,543,73,195,65
196,72,344,75,344,86,196,83
223,93,263,93,263,104,223,104
230,105,334,107,333,128,229,125
62,176,83,176,83,270,62,270
221,172,302,172,302,184,221,184
229,184,338,184,338,205,229,205
219,251,268,251,268,263,219,263
280,249,295,251,318,252,331,253,349,251,367,252,385,252,384,265,366,265,349,264,331,266,318,265,294,264,279,262
226,271,244,271,244,287,226,287
287,270,356,270,356,290,287,290
215,302,228,302,250,303,278,302,293,303,311,303,332,304,332,318,311,317,293,317,279,316,249,317,227,316,215,316
369,304,383,305,397,306,410,306,427,305,444,305,456,305,454,317,443,317,427,318,410,318,397,318,382,317,369,316
223,318,357,321,357,343,223,340
377,322,453,322,453,342,377,342
84,342,169,342,169,364,84,364
217,351,306,351,306,364,217,364
371,350,465,354,465,369,370,365
222,367,309,367,309,387,222,387
376,369,462,369,462,388,376,388
502,389,526,390,540,391,568,391,586,391,608,392,629,392,628,405,607,405,587,405,567,404,539,404,526,403,502,402
78,393,116,396,115,411,77,408
