221,137,891,157,890,206,220,186
323,286,361,284,463,290,527,284,570,285,649,285,700,286,698,315,648,314,571,314,528,313,461,319,361,314,322,315
669,326,776,326,776,369,669,369
0,422,36,407,91,623,31,639
364,429,576,421,578,461,366,470
501,542,529,538,557,536,589,532,625,531,649,530,677,530,676,551,647,551,627,551,589,553,558,556,530,559,502,562
381,540,394,541,408,544,422,542,441,539,461,536,480,530,475,556,457,561,441,565,427,567,411,570,391,567,378,566
563,568,721,561,722,593,564,599
406,579,450,579,450,609,406,609
714,607,733,607,733,626,714,626
735,629,765,629,786,629,812,626,853,621,871,620,906,617,909,648,874,651,855,652,815,657,789,660,766,660,737,660
410,628,511,625,512,650,410,653
427,665,709,640,713,678,430,703
41,654,91,654,91,699,41,699
737,688,754,685,781,681,806,678,835,676,860,677,887,678,888,701,861,700,834,700,807,701,784,703,755,708,738,711
1029,691,1196,691,1196,750,1029,750
758,711,790,711,817,709,838,708,877,703,894,702,925,699,931,733,900,736,880,737,842,743,821,744,793,745,761,746
435,720,577,709,579,737,437,747
456,753,646,732,650,771,460,792
