67,11,228,11,228,23,67,23
78,38,92,38,92,43,78,43
79,45,125,45,125,53,79,53
157,56,180,56,180,67,157,67
77,71,82,72,88,72,94,72,100,72,108,72,114,72,113,77,108,77,100,77,94,77,88,77,81,77,76,77
79,78,149,78,149,87,79,87
77,106,96,106,96,112,77,112
80,114,88,114,88,120,80,120
123,116,134,116,134,120,123,120
79,123,82,123,90,123,94,124,101,123,105,123,111,123,110,129,105,129,101,129,94,129,89,129,83,129,80,129
147,130,186,130,186,138,147,138
79,131,139,131,139,139,79,139
143,143,150,142,154,142,159,141,165,142,174,142,177,142,177,147,174,147,165,146,159,146,154,146,149,146,142,147
78,142,111,143,110,149,78,148
43,145,57,145,57,155,43,155
22,145,28,145,28,153,22,153
211,146,256,146,256,160,211,160
146,149,185,149,185,156,146,156
80,149,119,150,119,157,80,156
207,163,262,165,262,172,207,171
