58,10,204,11,204,21,58,20
69,38,147,38,147,45,69,45
133,46,161,46,161,56,133,56
68,64,109,64,109,71,68,71
67,83,81,83,81,97,67,97
128,104,134,104,140,104,145,104,154,104,159,104,164,105,164,111,158,111,154,111,145,110,141,110,134,110,128,110
68,105,122,106,122,112,68,111
131,113,153,114,153,118,131,117
15,116,41,116,41,131,15,131
68,119,104,120,104,126,68,125
128,119,163,119,163,126,128,126
187,120,229,123,229,134,186,131
183,135,223,135,223,140,183,140
78,142,146,144,146,153,77,151
69,151,83,151,93,152,111,153,125,153,137,154,151,155,151,163,137,162,125,161,111,161,92,159,83,159,69,159
75,158,140,161,140,170,74,168
76,167,83,167,93,168,103,169,114,170,127,170,133,171,133,178,127,178,114,177,102,176,92,175,83,175,76,174
